2 Threads:

Vetor 10:
S&R:
0.000061
0.000072
0.000051
0.000059
0.000050
0.000064
0.000054
0.000059
0.000050
0.000061
Media: 0.0000581

Scatter:
0.000059
0.000023
0.000038
0.000038
0.000016
0.000026
0.000021
0.002670
0.000028
0.000031
Media: 0.000295
----------


Vetor 1000:
S&R:
0.000073
0.000089
0.000059
0.000051
0.000068
0.000045
0.000060
0.000055
0.000056
0.000041
Media: 0.0000597

Scatter:
0.000067
0.000082
0.000065
0.000072
0.000039
0.000050
0.000055
0.000043
0.000040
0.000060
Media: 0.0000573
----------


Vetor 10000:
S&R:
0.000419
0.000310
0.000289
0.000591
0.000340
0.000549
0.000329
0.000301
0.000398
0.000491
Media: 0.0004017

Scatter:
0.000383
0.000548
0.000334
0.000555
0.000481
0.000494
0.000460
0.000491
0.000478
0.000505
Media: 0.0004729
--------------------------------------------------

4 Threads:

Vetor 10:
S&R:
0.000081
0.000072
0.000080
0.000065
0.000064
0.000056
0.000059
0.000043
0.000067
0.000038
Media: 0.0000625

Scatter:
0.000045
0.000032
0.000073
0.000077
0.000031
0.000042
0.000030
0.000041
0.000023
0.000077
Media: 0.0000471
----------


Vetor 1000:
S&R:
0.000056
0.000071
0.000038
0.000055
0.000071
0.000058
0.000039
0.000045
0.000045
0.000060
Media: 0.0000538

Scatter:
0.000046
0.000063
0.000044
0.000035
0.000064
0.000044
0.000051
0.000038
0.000062
0.000054
Media: 0.0000501
----------


Vetor 10000:
S&R:
0.000451
0.000829
0.000439
0.000299
0.000487
0.000399
0.000783
0.000491
0.000389
0.000912
Media: 0.0005479

Scatter:
0.000326
0.000318
0.000327
0.000339
0.000327
0.000331
0.001261
0.000373
0.000448
0.000470
Media: 0.000452
----------

