Tempos:

2 Threads:

Vetor: 10
Sequencial 
0.000004
0.000004
0.000004
0.000005
0.000005
0.000004
0.000005
0.000005
0.000005
0.000006 
Media: 0,0000047
--------
Paralel
0.000067
0.000062
0.000065
0.000064
0.000117
0.000117
0.000054
0.000136
0.000276
0.000117
0.000062
Media: 0,0001137
------
Parallel For
0.000487
0.000241
0.000133
0.000127
0.000151
0.000127
0.000069
0.000127
0.000145
0.000149
Media: 0,0001756
------


Vetor 1000
Sequencial
0.000021
0.000022
0.000017
0.000023
0.000022
0.000025
0.000064
0.000022
0.000022
0.000022
Media: 0,000026
---------
Paralel
0.000142
0.000124
0.000142
0.000137
0.000197
0.000123
0.000133
0.000139
0.000145
0.000124
Media: 0,0001406
---------
Paralel For
0.000140
0.000073
0.000149
0.000351
0.000074
0.000200
0.000196
0.000170
0.000138
0.000079
Media: 0,000157
-------


Vetor 10000

Sequencial
0.000147
0.000212
0.000224
0.000266
0.000182
0.000182
0.000098
0.000206
0.000183
0.000182
Media: 0.0001882
---------
Paralel
0.000226
0.000370
0.000331
0.000235
0.000233
0.000162
0.000280
0.000331
0.000370
0.000226
Media: 0.0002764
---------
Paralel For
0.000274
0.000288
0.000372
0.000237
0.000394
0.000230
0.000163
0.000251
0.000235
0.000129
Media: 0.0002573
-------


4 Threads:
Vetor 10:
Sequencial
0.000005
0.000005
0.000005
0.000005
0.000003
0.000004
0.000004
0.000004
0.000004
0.000004
Media: 0.0000043
---------
Paralel
0.000244
0.000181
0.000253
0.000123
0.000253
0.000197
0.000197
0.000205
0.000191
0.000116
Media: 0.000196
---------
Paralel For
0.000212
0.000200
0.000177
0.000199
0.000194
0.000229
0.000208
0.000237
0.000194
0.000260
Media:0.000211
-------

Vetor 1000:
Sequencial
0.000023
0.000023
0.000028
0.000020
0.000009
0.000022
0.000022
0.000023
0.000027
0.000022
0.000022
Media: 0.0000241
---------
Paralel
0.000133
0.000183
0.000203
0.000219
0.000202
0.000219
0.000226
0.000203
0.000161
0.000201
Media: 0.000195
---------
Paralel For
0.000202
0.000208
0.000195
0.000208
0.000214
0.000201
0.000288
0.000259
0.000220
0.000140
Media: 0.0002135
-------

Vetor 10000:
Sequencial
0.000093
0.000092
0.000092
0.000093
0.000092
0.000092
0.000093
0.000093
0.000093
0.000092
Media: 0.0000925
---------
Paralel
0.000305
0.000306
0.000298
0.000340
0.000306
0.000299
0.000240
0.000339
0.000325
0.000324
Media: 0.0003082
---------
Paralel For
0.000295
0.000307
0.000401
0.000336
0.000316
0.000232
0.000282
0.000371
0.000350
0.000317
Media: 0.0003207
-------
